POINT
STEPS_PER_CHAIN=32000000
KL_MAX_PAIRWISE=0.00487476
KL_SPLIT_MAX=0.0100403
RHAT_ENERGY_MAX=1
ESS_ENERGY_MIN=675353
N_UNIQUE_EQ=10358
EXPECTED_UNIQUE_EQ=10359
COVERAGE_UNIQUE_EQ=0.999903
ACCEPT_RATE=0.92487
HIT_RATE=1
MISSES_SEEN=0
STEPS_TOTAL=192000000
STEPS_PER_SEC_TOTAL=10537.3
ELAPSED_SEC=18221
END
