POINT
STEPS_PER_CHAIN=8000000
KL_MAX_PAIRWISE=0.0217863
KL_SPLIT_MAX=0.0500196
RHAT_ENERGY_MAX=1.00001
ESS_ENERGY_MIN=166567
N_UNIQUE_EQ=10358
EXPECTED_UNIQUE_EQ=10359
COVERAGE_UNIQUE_EQ=0.999903
ACCEPT_RATE=0.924877
HIT_RATE=1
MISSES_SEEN=0
STEPS_TOTAL=48000000
STEPS_PER_SEC_TOTAL=7543.66
ELAPSED_SEC=6362.96
END
