POINT
STEPS_PER_CHAIN=32000000
KL_MAX_PAIRWISE=0.00567725
KL_SPLIT_MAX=0.0115887
RHAT_ENERGY_MAX=1
ESS_ENERGY_MIN=579267
N_UNIQUE_EQ=10358
EXPECTED_UNIQUE_EQ=10359
COVERAGE_UNIQUE_EQ=0.999903
ACCEPT_RATE=0.92487
HIT_RATE=1
MISSES_SEEN=0
STEPS_TOTAL=192000000
STEPS_PER_SEC_TOTAL=11538.3
ELAPSED_SEC=16640.3
END
