POINT
STEPS_PER_CHAIN=24000000
KL_MAX_PAIRWISE=0.00643294
KL_SPLIT_MAX=0.0135692
RHAT_ENERGY_MAX=1
ESS_ENERGY_MIN=502008
N_UNIQUE_EQ=10359
EXPECTED_UNIQUE_EQ=10359
COVERAGE_UNIQUE_EQ=1
ACCEPT_RATE=0.924877
HIT_RATE=1
MISSES_SEEN=0
STEPS_TOTAL=144000000
STEPS_PER_SEC_TOTAL=7950.5
ELAPSED_SEC=18112.1
END
