POINT
STEPS_PER_CHAIN=16000000
KL_MAX_PAIRWISE=0.00985203
KL_SPLIT_MAX=0.0211734
RHAT_ENERGY_MAX=1
ESS_ENERGY_MIN=335506
N_UNIQUE_EQ=10359
EXPECTED_UNIQUE_EQ=10359
COVERAGE_UNIQUE_EQ=1
ACCEPT_RATE=0.924877
HIT_RATE=1
MISSES_SEEN=0
STEPS_TOTAL=96000000
STEPS_PER_SEC_TOTAL=9628.57
ELAPSED_SEC=9970.33
END
